77
64
26
-17
7
-12
-34
61
81
-44
82
42
-17
14
91
-31
13
26
-4
-32
6
-39
61
-28
22
-37
51
80
26
-22
9
98
12
77
95
74
73
63
16
100
-38
38
1
-41
17
7
50
94
60
87
-16
-13
15
-12
5
4
73
-45
48
-45
45
-12
33
72
90
47
-37
-42
68
25
80
19
92
-22
75
0
-13
0
60
21
58
26
25
39
94
86
81
35
50
23
94
22
8
96
-11
-21
-20
-25
74
95
-3
-17
53
27
86
-50
30
55
87
-26
-8
6
7
-11
78
90
-35
-2
71
30
-10
-34
90
-23
80
4
73
68
-19
-19
57
29
46
-30
61
-37
-33
91
95
-24
10
84
47
71
-8
31
-43
55
76
-11
-7
-4
21
-16
27
54
-32
76
82
52
19
12
60
100
-46
74
76
-24
13
88
44
-38
83
-48
-47
61
51
55
37
-44
84
37
100
-10
6
68
2
4
55
68
37
31
-12
-14
-2
40
26
63
-28
31
-9
-28
41
-43
1
-28
20
70
67
61
-26
15
77
73
42
-3
58
-20
-15
60
-25
78
-44
-31
92
33
60
5
55
-44
28
-40
19
19
13
-47
-12
81
-39
33
35
-20
77
37
-49
98
90
-13
-14
-46
59
58
25
95
2
86
91
30
91
60
98
-43
61
44
57
69
-22
71
13
92
-20
8
-4
-31
-16
-27
21
77
66
65
83
25
10
9
-49
-33
9
16
1
34
19
-48
22
-12
-40
-41
4
45
65
10
75
56
85
-14
92
-50
87
-20
-14
37
59
75
24
-23
-46
-44
-24
-6
42
21
37
-40
-49
10
47
87
-43
54
10
61
67
4
98
-6
77
35
55
-44
-10
23
70
84
97
3
-15
19
61
-39
-13
63
-10
1
62
18
68
14
68
41
-1
66
84
91
9
-26
-22
-26
63
97
-40
93
77
-41
90
60
82
-28
88
42
-20
56
83
82
91
-39
54
16
81
91
-20
-24
15
-34
66
74
-35
-16
-15
32
-29
76
-24
80
65
45
35
-8
-28
18
-23
-30
47
4
-50
-41
72
-11
41
3
-26
79
39
20
65
12
76
15
29
8
-34
74
49
27
44
-7
23
99
94
97
-22
-12
62
69
-33
-31
25
67
97
91
-35
21
19
-6
-1
44
-29
-49
48
61
89
-2
-30
-26
-32
26
-21
-26
29
70
40
89
-30
3
24
-5
-36
44
52
31
58
61
54
43
-6
4
97
48
-1
-35
-36
50
0
49
59
41
98
-9
-40
-11
-7
50
-23
67
68
10
-2
34
59
-29
-40
-36
-25
5
78
100
34
17
1
66
95
17
-44
82
82
15
50
47
26
64
-35
3
92
18
75
-8
17
-27
8
47
46
-30
45
-44
54
-22
35
60
50
48
-2
30
15
-15
11
58
65
-48
92
70
29
-48
-19
80
43
-45
50
9
-18
-36
68
80
-31
54
36
62
81
44
-4
66
46
78
-14
-7
-8
38
65
50
23
-44
99
8
60
0
38
-47
26
45
80
58
60
46
-32
32
40
68
42
-28
-50
37
-31
12
-10
80
63
32
81
65
15
93
-36
85
59
76
26
91
1
76
79
12
7
30
74
-29
91
13
-23
-30
-3
41
6
-6
-18
8
31
23
63
42
80
-15
-42
76
-38
-34
-5
66
100
-32
-41
24
17
-27
54
38
-20
15
48
23
36
81
-43
84
92
69
30
46
-8
-12
78
54
-26
-22
-15
-31
97
-7
3
67
-4
45
53
6
25
97
7
94
-39
37
75
-33
51
21
5
31
-7
-46
26
77
-32
98
-19
-19
45
85
55
83
-44
-21
23
-49
41
72
51
-26
-36
4
36
-30
26
41
65
-46
-14
-8
85
81
66
14
8
58
-1
-6
84
76
-49
98
67
-11
27
26
40
14
-2
47
51
6
14
85
16
-23
-3
72
90
-47
82
83
0
51
26
67
52
-38
-10
33
-39
42
53
67
82
48
-27
65
43
64
68
91
-15
41
-9
-15
-35
-37
-7
41
53
36
66
27
36
-38
33
82
-30
69
25
21
-7
-15
96
77
75
92
44
13
86
42
-37
15
-44
63
-35
-26
74
41
-41
63
73
55
-22
76
100
-5
-9
20
24
20
44
98
-13
36
67
88
87
0
22
32
42
-39
95
24
38
52
6
61
88
-14
-5
43
-29
23
98
5
-24
9
19
-37
89
52
99
47
23
75
6
97
39
82
24
74
-50
-17
83
-3
-34
91
24
41
60
46
68
-15
96
-23
31
-11
42
-39
-20
95
61
-18
-26
-7
-50
9
-1
23
41
13
20
32
69
-18
48
-32
18
-17
44
64
-31
-36
-15
41
-23
82
-21
-47
24
88
32
44
21
-13
33
4
61
-21
-29
95
-47
87
1
99
60
5
8
13
5
31
-33
38
1
32
51
-34
-15
6
97
11
-7
52
72
28
79
-19
9
53
8
-49
94
62
0
-26
84
91
40
-38
54
33
21
22
-24
77
96
7
-13
-10
21
9
85
92
57
76
91
24
86
68
-11
52
-33
96
39
-23
70
55
68
-27
51
-3
69
-39
-49
5
4
84
-19
-4
72
68
16
61
40
30
48
40
11
65
32
63
53
-17
46
-13
66
82
47
-18
-46
77
34
-33
-47
53
27
53
86
-27
31
45
60
-20
-32
-9
35
-14
-5
-3
2
-19
-4
-28
25
-43
9
33
4
-19
-37
4
-16
36
25
29
-9
43
66
-15
58
30
-45
-17
5
70
3
-47
55
10
11
76
-41
-6
38
51
-46
27
-16
-44
72
-40
-42
-16
46
20
93
20
84
31
57
-24
0
14
-8
79
80
-48
91
11
60
33
-31
36
3
93
73
20
63
-40
-16
72
0
-17
33
100
-18
50
-49
93
94
-35
-15
18
89
86
62
100
78
-27
43
40
17
-13
-8
-30
92
-21
-19
44
-42
-4
-15
-5
33
6
-22
23
92
17
86
82
23
-21
50
97
48
50
84
58
-20
-46
44
-4
11
31
-36
10
-16
2
84
23
85
22
63
5
-43
20
43
-46
33
-4
0
83
38
36
-35
62
-50
22
-31
100
-16
1
42
-29
38
14
49
6
9
84
32
-33
48
88
47
83
-4
-15
-13
32
92
-39
86
73
33
96
-37
40
87
-38
3
15
52
-17
-12
46
96
2
49
24
26
86
58
30
63
-3
38
64
-37
73
62
79
-12
98
98
-16
-27
59
-5
-25
65
59
36
37
94
-17
97
-23
-20
26
53
60
-8
38
37
49
-31
20
-26
-38
-23
11
-40
-34
15
100
-7
45
-13
53
61
57
87
-11
31
-27
57
45
-36
23
100
40
14
5
88
-30
90
87
42
-23
11
32
-38
78
1
32
68
-1
-25
-47
82
-15
64
77
51
-17
-16
-16
-36
81
24
64
50
-23
-44
-37
-47
-12
-39
-19
-29
54
65
-4
43
-5
69
47
13
-5
-27
-7
25
42
0
41
4
82
31
16
74
-3
56
16
64
39
31
-41
85
74
37
84
-48
-47
-12
-48
-13
40
-30
58
-13
13
56
31
72
63
-16
40
92
-39
39
2
28
34
-16
71
90
1
-8
-45
-1
70
99
52
-41
-11
54
47
-38
16
33
29
2
69
35
-49
-5
-25
-12
-32
48
-37
-25
39
22
3
85
64
-42
78
-46
55
-17
-35
6
35
55
-31
57
91
-2
30
86
85
-9
92
-7
5
-41
87
51
77
-50
-38
-3
-2
-8
-37
46
26
91
-43
-9
-27
-2
63
82
-10
39
-2
-47
8
89
73
37
-25
90
17
76
-5
21
87
85
39
36
-45
45
56
-2
16
27
-30
-39
51
34
50
-28
60
72
95
94
-42
-11
51
82
-32
-47
-27
-43
70
51
92
-31
20
-49
-15
27
28
78
33
-42
-26
3
100
6
68
-48
-2
28
49
-30
19
49
-14
54
21
93
27
51
-42
-42
-42
82
18
9
11
-42
13
46
-36
5
82
-39
44
28
66
70
15
-44
35
-41
29
88
40
87
65
-45
52
23
64
-4
-30
33
61
25
-49
-21
9
-9
-12
61
-45
100
88
3
16
-48
48
93
-11
-7
28
67
-14
23
98
-22
5
-6
-34
78
43
-24
-12
-44
20
53
79
2
-33
-4
35
95
15
79
79
-28
25
-22
38
-35
20
66
43
80
93
-50
-50
13
-28
-6
33
-49
9
77
93
29
-17
15
79
47
16
31
-23
-2
-15
42
5
-24
-12
23
-8
-5
55
-46
90
-40
33
80
40
-42
10
-17
68
22
0
16
30
-31
-23
33
-3
97
47
28
20
52
-18
26
-32
94
-18
61
85
-49
98
65
23
-2
64
18
33
46
41
77
43
44
52
23
-28
23
95
28
-47
23
94
27
55
85
30
-27
-12
60
-47
18
72
64
43
46
-32
5
39
-48
88
85
-23
-10
-1
40
96
4
17
74
10
57
34
51
36
71
11
-12
50
46
21
-33
-43
61
-16
55
69
30
-49
43
-7
67
-34
-10
-48
-34
33
-39
-49
88
96
76
40
97
22
-49
16
-24
-31
84
33
84
51
63
-23
43
63
-47
21
6
-28
9
-43
79
-21
33
48
34
-22
36
23
37
-27
23
-1
-1
-16
39
53
-2
45
50
65
-43
-17
-3
36
-29
-27
43
78
47
68
-29
40
-8
47
-28
55
52
52
-42
-28
79
-1
72
46
73
-1
-11
22
75
59
2
1
81
-46
-38
-27
66
83
-27
56
-27
-11
6
84
-43
54
28
54
29
1
15
5
73
39
59
-10
-17
34
29
61
50
12
11
7
9
-49
22
-15
33
47
36
40
62
29
60
35
57
-20
-12
-11
-20
-10
-2
10
70
18
-27
87
71
18
-6
78
38
-29
-33
-18
50
-10
97
-29
47
5
40
23
53
76
-11
81
1
-2
-47
59
-50
51
-33
33
74
59
-8
29
92
37
25
22
61
95
-25
86
76
39
-29
22
68
21
30
46
99
33
20
44
76
67
-24
41
66
-48
56
84
15
0
88
53
91
-40
10
-40
1
49
73
77
-10
-44
44
71
-43
-8
93
-10
-36
4
12
-37
-13
62
28
37
1
-7
96
62
-27
30
72
-30
86
88
26
38
86
83
66
79
3
95
29
-42
91
40
96
33
77
43
-36
1
35
65
67
9
60
20
15
-46
84
31
-28
-26
-17
19
77
-9
-33
57
-10
82
59
-30
9
53
90
74
94
63
0
-37
67
-38
52
-36
-26
74
-45
-37
-46
61
73
83
0
15
-19
6
54
48
27
16
48
63
-23
-42
15
9
-13
25
-40
-24
-31
20
88
87
58
37
42
-10
35
85
6
-48
78
-47
-21
-9
46
40
98
0
57
74
80
85
-46
-17
57
-49
57
3
-8
-41
3
-18
19
-22
62
-24
4
-41
-2
84
-20
60
7
14
54
43
86
51
15
19
-12
97
59
66
30
-49
27
4
79
-15
70
-6
80
91
-1
74
-19
1
-26
-47
15
34
50
-25
11
65
59
-29
51
78
87
-46
64
-45
-21
-27
44
9
-1
-10
14
96
89
2
12
-7
71
-43
44
-33
-7
13
-7
-43
-43
-7
-42
-48
-6
-11
15
66
87
-4
39
44
75
25
-24
45
54
80
36
95
34
-41
34
70
63
89
15
3
-32
-37
59
14
20
90
87
96
35
20
40
78
94
-35
81
4
97
89
53
57
-36
29
90
48
-20
21
33
78
24
74
-29
33
13
3
5
30
-34
-15
-37
1
23
38
71
88
-26
-9
13
-18
29
70
62
-44
63
41
44
39
68
60
3
95
62
13
-38
8
-29
-4
34
-33
1
80
-44
29
74
65
43
-50
56
-18
56
6
84
49
94
95
41
-5
97
39
94
93
62
41
61
66
62
-7
-47
90
81
81
55
98
74
16
-18
2
53
-29
-12
-5
87
48
-9
93
72
-16
-9
93
62
-47
-13
-18
67
45
51
73
-15
-18
75
-43
55
-41
68
76
-29
35
-20
50
36
57
84
36
72
24
-19
81
83
49
36
36
58
-22
93
98
8
6
83
26
51
-13
-2
-20
-31
27
25
31
96
-24
56
54
54
8
59
56
-41
96
62
0
36
33
35
-2
17
32
23
-25
15
56
21
20
1
40
100
88
-3
9
13
24
82
100
88
-18
-12
37
4
22
3
74
70
63
18
97
-10
2
13
89
25
-35
53
27
68
100
52
-29
-2
71
-23
58
-41
-14
-45
-23
40
-21
40
-49
-47
-10
-9
58
22
63
-37
12
2
26
81
-31
2
-7
28
56
10
23
-50
-34
-33
12
78
-25
14
97
-45
24
-32
85
-27
-17
75
45
27
12
80
95
14
26
-12
59
90
94
-40
-12
80
98
-10
46
-17
-14
34
89
32
-2
88
39
65
51
8
4
-31
68
77
-42
-21
22
-29
-37
-49
89
46
18
29
21
56
91
50
33
65
-7
49
0
67
-35
80
-43
-50
39
-26
51
83
-48
3
10
55
2
84
83
40
-34
12
88
-13
-35
4
43
-12
-9
-3
31
-27
96
79
73
98
-7
-32
46
39
99
-7
69
-33
54
34
17
91
58
-41
36
90
77
54
-38
-35
16
36
25
55
-1
-48
-5
59
-49
21
90
49
62
11
-44
45
30
26
22
98
-8
41
-14
64
20
-13
24
-35
-1
60
84
18
60
54
19
-41
-40
88
28
18
-21
30
13
-41
-7
44
71
-25
28
54
62
6
-10
19
30
-10
25
89
96
-44
-32
-26
-21
98
32
-29
69
24
48
-10
47
-12
74
35
-42
26
24
73
48
-27
3
85
78
-21
55
0
42
66
-19
-8
-22
54
26
-49
92
-19
51
27
28
45
90
12
55
-50
93
91
-43
94
100
-4
82
26
56
-46
-27
95
43
19
45
25
12
93
59
-39
36
9
23
70
-37
17
80
41
-11
7
-24
-32
12
-45
95
-50
-1
10
31
-23
59
18
29
17
87
19
37
21
23
30
27
53
93
12
-26
13
79
-33
-40
13
-3
5
-35
92
78
13
45
-41
19
-3
45
18
-11
14
-1
26
89
68
76
61
87
50
-46
-48
11
38
9
1
15
43
50
5
36
49
-4
14
90
49
98
-7
-14
42
2
58
-48
-18
64
6
84
-33
48
14
52
53
77
21
-36
-13
94
14
60
4
48
-24
16
11
-43
-11
51
-3
35
93
1
35
-40
66
-15
23
49
-46
41
35
54
71
51
-41
31
-36
-34
76
-23
-36
-47
53
-15
-8
1
25
-24
-32
-10
62
-50
-46
52
70
-44
8
85
78
89
-39
-13
-33
53
-17
46
-15
25
5
61
25
96
40
-18
49
-18
31
94
92
57
-21
-7
65
67
-15
47
81
61
-32
78
-39
15
-38
68
-47
89
39
5
26
15
81
31
4
38
100
48
0
-37
-18
42
-48
53
12
25
-19
-46
63
79
41
45
-11
-9
27
-47
84
45
37
-18
-31
71
26
-50
18
6
53
0
18
0
37
-30
64
-49
-17
-18
6
-46
86
42
-36
1
0
60
96
54
-33
-18
59
19
4
-8
66
37
46
-19
70
-33
39
22
16
-20
29
24
95
84
-25
-24
1
-16
-34
50
-7
11
9
36
-46
18
81
92
82
55
34
69
50
-7
17
85
51
-16
-7
-29
-24
-44
48
-47
39
56
51
18
39
-27
94
81
34
-22
39
85
40
-10
29
-17
69
75
-23
69
72
-25
66
-48
-8
-9
81
25
-8
28
90
30
7
24
22
-22
79
97
-20
73
-17
59
-15
-25
-30
93
53
-35
2
58
32
-34
46
40
52
-40
-10
41
55
-10
-30
-34
55
-9
19
69
74
-31
51
-22
8
95
40
-49
13
43
1
13
63
76
93
26
-48
-24
12
50
22
21
-48
-50
-5
-34
8
97
96
21
5
96
38
32
74
11
91
-13
33
15
26
47
43
29
91
14
21
23
24
57
-6
-10
-18
64
19
88
-29
7
0
47
34
14
47
100
37
-45
68
22
57
76
53
59
-36
49
100
-14
68
95
28
-9
-20
48
95
-13
-7
70
-42
-27
45
-21
21
55
77
99
13
9
63
3
-9
58
-6
62
86
16
97
-48
29
89
68
-27
54
99
43
45
-42
40
96
-12
16
-13
-20
-18
94
62
-14
8
63
-30
-50
-42
93
25
38
53
-33
50
30
74
10
49
56
-27
-35
-10
26
66
60
83
4
75
6
100
-31
-24
-7
31
84
17
-31
49
25
81
-10
-46
34
48
-7
34
-46
-13
41
15
-7
32
38
-49
-27
75
59
70
78
-41
-50
49
19
51
13
-39
30
-31
-15
-35
63
75
4
95
-34
39
-43
-10
74
-30
-48
86
59
62
-15
35
-36
41
58
16
34
54
60
10
1
24
49
88
29
53
49
-34
-40
77
23
84
77
78
-48
77
-29
77
33
-12
87
54
-12
-19
-13
70
-22
10
34
66
31
94
41
-10
-45
-37
-49
-10
36
98
49
80
-9
-29
-32
56
35
9
-17
31
-20
41
-12
-29
50
-29
-12
-21
-41
65
65
81
30
-32
98
50
-23
13
60
-45
91
52
80
74
-18
-11
95
63
-37
8
94
44
-37
20
45
56
55
61
-47
78
-30
-31
14
35
85
29
78
-6
64
-14
-18
1
31
2
59
-47
15
9
-42
21
-32
8
-19
39
62
5
-40
98
52
60
93
71
-44
2
43
-30
47
78
56
-35
-35
-33
-22
41
0
-28
-11
76
58
-7
-44
24
54
-21
45
11
-11
66
1
40
55
91
-20
5
-5
8
31
11
19
-24
-17
42
52
-41
38
87
38
34
62
77
39
92
4
1
81
54
2
26
57
1
-9
-31
66
17
83
-21
54
-44
50
59
-36
-11
-29
69
18
5
56
84
71
92
59
-32
72
88
89
-16
83
71
91
-47
-34
67
-48
-38
6
48
-18
14
25
-7
46
-1
-25
83
87
23
72
-14
-28
-4
-46
13
-8
-43
-7
-37
82
91
48
-23
20
78
-15
85
1
-41
47
-47
45
-28
5
-43
32
27
38
73
28
-37
6
24
-19
-39
50
98
58
69
60
79
-13
49
89
39
99
9
-21
-47
18
-3
-35
78
-9
42
31
-25
-25
26
53
48
32
5
57
54
-41
-33
-50
-16
12
-1
72
67
43
59
4
-32
0
-38
3
68
-14
100
-23
67
-20
19
84
63
-28
-47
-11
-48
84
-4
77
-22
46
-19
26
32
83
25
92
92
33
89
-37
7
88
38
14
-38
99
55
63
58
28
72
73
-3
88
96
65
53
6
67
73
19
-31
32
12
18
2
-7
98
59
-17
80
-46
16
-17
82
3
-38
5
-36
64
21
87
30
-5
-31
7
45
37
33
-17
89
-13
72
-31
14
13
-31
47
-8
40
74
37
-22
64
33
91
-30
-44
4
80
-12
15
13
76
75
41
32
16
-46
93
68
-31
51
-17
-12
-43
27
-39
94
88
-40
4
100
66
-3
-1
49
14
77
71
72
24
-5
7
-7
-46
-5
-11
50
4
-40
-50
25
18
78
37
52
75
81
-22
-9
95
86
10
22
20
1
-12
83
-42
-37
31
14
60
18
48
33
54
-44
12
28
-42
78
73
86
61
96
84
4
54
49
28
-23
-34
46
59
-36
75
31
68
-35
-6
-40
-29
75
37
35
49
28
86
-2
-13
-23
58
25
-30
-21
92
36
55
0
65
83
33
69
-20
7
31
31
62
51
29
-47
67
82
7
91
-22
39
23
26
85
2
63
51
37
-47
-48
63
-18
-28
-30
65
26
56
18
70
39
90
-30
-9
22
8
-42
-37
-5
-4
-42
75
55
-41
-19
23
46
-18
-6
-23
39
-17
8
-41
10
-33
47
94
-38
-40
86
-23
-43
55
-49
68
86
-41
49
-31
-44
-34
-25
0
93
-6
-9
-20
58
-1
2
-29
-39
18
61
-28
53
41
-21
63
-20
45
91
-17
-17
45
15
-15
9
66
32
78
87
32
82
0
75
-37
68
-27
-49
97
51
65
-2
62
-35
-25
95
-44
-42
37
-33
-7
-43
95
33
-7
44
48
56
-47
-1
-44
33
71
94
76
85
16
-46
88
12
83
-15
40
95
-23
94
1
39
-26
95
20
-17
-31
0
53
23
13
29
92
41
66
-31
38
6
-49
37
39
11
10
-36
53
-42
63
46
63
84
13
-37
-44
7
-50
34
-42
-19
29
68
52
-20
14
-1
36
100
-10
83
-49
31
-10
-18
97
64
-2
4
-17
-44
54
14
42
78
37
26
20
3
74
40
100
36
1
-20
7
-4
60
80
-10
-18
-50
82
53
76
5
-44
11
28
40
-14
86
-34
14
-2
-27
65
-2
82
85
62
-50
27
73
83
-20
19
-28
-27
-18
76
94
16
-15
-35
93
88
33
4
81
-43
7
82
26
99
89
31
78
-40
42
-31
-12
-34
-24
20
-19
90
85
65
0
-35
49
75
-29
-41
86
68
76
56
-45
6
-18
-5
-32
34
1
3
20
41
59
67
61
-24
65
67
14
-29
-21
-31
-27
63
-14
4
19
-15
52
26
35
75
-28
20
78
-19
96
67
56
-21
-11
50
50
39
58
-20
-47
-25
65
56
37
68
51
-18
-22
-21
66
2
-5
40
1
56
18
15
-22
14
-39
63
9
-46
0
95
90
77
31
8
96
79
99
-46
-29
-38
9
-30
31
10
-44
-5
-33
13
57
7
33
62
57
92
62
-24
3
100
67
-46
-30
71
44
83
99
-41
30
82
54
84
-30
24
20
61
1
71
-12
-5
-44
-25
65
47
-28
68
58
66
65
28
-47
-12
56
-34
10
-5
11
78
-9
23
39
64
45
-40
66
31
39
66
9
19
9
16
49
98
13
33
61
48
77
57
82
72
83
0
-3
-26
33
81
-31
42
-30
29
96
7
14
-39
-24
63
87
-16
47
9
87
-8
90
-49
78
-29
-13
94
76
-4
-9
-9
32
19
44
97
47
27
-25
23
0
90
64
86
32
-49
-5
-34
42
-1
-12
2
76
27
-31
-14
100
-39
84
96
-33
-21
55
-48
-26
-2
37
26
75
24
79
-13
22
-37
95
80
74
-29
-38
4
-44
14
-40
60
52
23
13
67
-41
14
49
-47
29
-38
-48
-2
-17
-38
11
-13
48
85
52
24
80
89
-17
37
48
41
-19
85
-23
85
34
66
58
14
99
3
0
-43
75
41
83
60
-4
41
53
8
94
-30
6
-27
78
-18
-37
23
-24
74
-15
-6
31
80
19
14
-32
29
-46
-33
-25
61
72
54
-18
93
-18
38
13
86
-32
74
97
10
100
9
98
99
-14
53
40
-3
59
65
91
78
2
0
-45
-7
93
45
-6
43
95
62
55
84
-46
88
9
39
-25
-46
37
-11
-48
99
-8
69
-36
-39
-7
-29
-5
55
39
64
-21
85
77
-3
55
-6
44
43
27
-38
3
-42
14
-44
2
26
10
-14
-21
14
10
41
97
-30
4
86
82
-17
46
24
77
26
16
42
-35
-8
-45
-27
68
44
93
11
72
-34
70
65
7
43
36
70
47
-2
-32
49
34
28
75
39
-13
-5
77
89
45
-46
38
-25
-10
-1
-32
22
-10
73
52
72
-35
68
59
-9
-2
24
33
32
36
65
35
60
35
100
-26
-33
-11
24
52
-38
-24
-46
28
38
68
84
91
79
-50
-27
56
-8
66
-13
41
36
-16
94
-16
89
-46
58
58
2
-35
9
-35
-22
98
40
69
2
20
-38
0
86
24
-40
22
-21
48
16
-44
51
9
-16
30
87
97
-18
28
-32
-38
99
62
-11
2
43
43
-38
92
35
64
73
69
-47
-29
-45
5
99
86
-29
58
-20
87
83
50
-42
41
11
20
49
60
19
22
3
1
-18
59
71
-42
37
-1
-12
-17
-37
21
87
96
-7
-5
11
84
82
-32
64
22
60
52
71
69
100
-48
51
-5
45
86
-12
93
-15
-27
11
29
-31
66
-5
8
10
64
-7
-20
33
36
33
8
-8
46
-23
40
59
-4
76
-37
20
65
77
-41
79
80
75
-41
88
-18
11
96
43
-41
46
31
52
57
-4
41
-49
53
79
17
4
-37
-14
-12
-45
-15
27
32
-27
39
28
-6
91
43
53
0
8
1
6
14
48
-21
-46
-29
9
33
18
-45
66
10
46
35
85
79
-17
86
95
-46
-17
19
98
66
51
40
82
18
-33
22
-6
-14
76
-24
-25
-49
91
20
10
13
30
-36
-40
99
46
51
37
12
-13
13
18
80
2
0
100
74
66
27
-22
98
29
66
57
22
5
84
70
83
18
38
-25
33
43
41
11
-32
97
18
60
-39
39
28
57
60
78
95
71
10
-28
-21
-38
86
5
54
73
25
-32
70
18
78
97
-24
76
73
97
51
-5
-43
-34
40
22
53
33
11
-12
79
-21
-50
96
100
27
11
13
47
27
-38
-44
35
97
95
5
-7
-34
-31
-13
-11
5
89
-41
-29
-4
23
77
58
-41
17
9
58
34
-21
-10
-35
75
87
38
-38
82
65
-24
57
59
-49
72
-34
54
59
-21
-30
91
50
65
70
-21
49
91
65
64
98
-26
-27
1
65
-36
-3
12
72
86
31
-24
-40
65
6
-46
-34
98
37
74
-7
98
67
14
30
38
-49
64
62
-27
-43
0
67
70
-12
15
57
-2
-18
-33
36
-43
9
-37
-20
27
-43
80
16
25
88
13
66
8
21
-50
12
67
65
-8
-45
-34
64
25
-18
78
24
24
82
67
-28
17
-5
-12
-20
